C03615     C 11/10/1987 5 51 1 1 06/28/1936   5 4 2      71.5 05/17/1988 11/25/1988 205.5 199.0       093 084     143 138     36 36    5   260     046     111     4.8     063     02213 45.6  9.3 46.4 00471 00711 03611 01906  0.0 00    1 1 1 1 2 1 1 1 1 1 1 1 1 1 1 1 1 1 1 1                                                                                                               
B00979     B 01/13/1988 3 46 1 2 03/03/1941 5 5 4 1 2    69.5 07/20/1988 01/09/1989 247.3 242.0 247.5 087 079 072 117 106 107 34 37 34 1 1 146 147 032 034 101 090 4.5 3.9 150 080 02156 38.5 18.0 43.2 00682 00801 04665 01839  0.0 00 00 1 1 1 1 1 1 1 1 1 1 1 1 1 1 1 1 1 1 1 1 1 1 1 1 1 1 1 1 1 1 1 1 1 1 1 1 1 1 1 1 2 1 1 2 2 3 5 1 2 1 4 4 5 2 6 6 1 6 2 6 5 2 2 6 6 2 5 6 5 5 4 1 5 2 5 
B00644     B 05/21/1987 6 61 1 3 08/03/1925 4 5 4 2      60.0 11/24/1987            138.5 134.0       091 078     151 140     29 35    1   282     040     128     4.1     032     02872 32.7 18.0 43.2 00678 00831 04481 03790  6.4 04    1 1 1 1 1 1 1 1 1 1 1 1 1 1 1 2 1 1 1 1                                                                                                               
D01348     D 11/10/1987 2 53 1 1 10/01/1933 3 5 4 1 2    71.5 05/23/1988 11/30/1988 205.5 198.5 204.0 091 089 087 140 150 142 36 46 43 1 1 176 208 042 052 100 095 4.3 3.9 026 039 03189 38.1 18.0 37.7 00822 01364 05473 04567  7.3 09 15 1 1 1 1 1 2 1 1 1 1 1 1 1 1 1 1 1 1 1 1 1 1 1 1 2 1 1 1 1 1 1 1 3 1 1 3 4 4 1 3 3 1 2 3 2 2 4 2 4 1 4 4 4 4 2 2 3 5 4 4 5 4 5 3 5 4 4 5 5 3 4 2 3 2 4 
A01088     A 02/23/1988 6 63 1 1 06/07/1924 5 5 7 2      72.0 08/15/1988 02/13/1989 244.8 218.0 227.0 086 078 064 154 116 117 50 32 28 1 1 231 186 029 034 140 112 4.0 4.1 046 045 02699 54.6 18.9 26.7 01019 01361 06196 03718  0.0 14 14 1 1 1 1 1 1 1 1 1 1 1 1 1 1 2 1 1 1 1 1 1 1 1 1 1 3 1 1 1 1 1 1 1 1 1 1 1 1 1 1 2 1 1 1 2 3 5 3 2 1 4 3 5 2 5 5 2 5 2 5 5 2 2 6 6 2 5 6 6 5 5 3 5 3 3 
B01408     B 11/12/1987 2 54 1 1 11/07/1932 5 5 6 2      67.0 04/20/1988 11/02/1988 177.3 169.0 167.0 093 081 081 143 126 121 36 35 34 1 1 214 228 046 044 095 092 4.1 4.4 043 027 03347 39.4 15.1 46.1 00650 01436 04809 03751  0.0 02 03 1 2 1 1 1 2 1 1 1 1 1 1 2 1 1 1 1 2 1 1 1 1 1 1 1 1 1 1 1 1 1 1 1 1 1 1 1 1 1 1 2 1 1 2 2 2 5 2 4 1 3 3 3 3 5 6 2 6 2 6 6 2 3 6 6 2 6 6 6 5 5 1 5 2 5 
B00025     B 12/05/1986 6 50 2 2 12/08/1935 2 3 4 1 1 03 58.0 06/03/1987 12/03/1987 156.0 157.0 156.0 095 084 086 162 122 130 33 39 40 3 3 233 227 093 078 097 093 4.6 4.3 136 033 01588 36.7 12.3 52.9 00269 00797 03056 01878  0.0 02 02 1 1 1 1 1 1 1 1 1 1 1 1 1 1 1 1 1 1 1 1 1 2 1 1 1 2 1 2 1 2 1 1 1 1 1 1 1 1 1 1 3 1 1 1 2 5 5 1 2 1 6 6 4 2 4 5 2 5 2 4 5 2 2 5 5 2 5 5 5 5 5 1 5 1 5 
B00714     B 06/12/1987 4 64 2 1 06/03/1922 5 1 9 1 2    63.5 01/14/1988 06/16/1988 128.5 132.5 126.5 086 069 073 130 132 144 32 28 29 6 7 238 207 058 067 102 103 4.4 4.2 029 026 01568 20.6 19.9 50.9 00170 00804 01565 03351 11.1 10 14 1 1 1 1 1 2 1 2 1 1 1 1 2 1 1 1 1 1 1 1 1 1 1 1 1 3 1 1 1 3 1 2 2 1 1 2 1 1 1 1 3 1 1 3 2 3 4 2 5 1 3 4 3 2 4 5 3 4 4 5 5 5 4 5 5 3 5 5 6 4 5 1 5 1 5 
A01166     A 01/21/1988 1 55 1 1 03/16/1932 5 5 5 1 2    66.0 07/18/1988 01/09/1989 230.5 200.0 204.0 086 066 071 124 104 113 38 34 29 1 1     235     039 084 092 4.6 4.8 049 064 01354 18.1 23.4 50.6 00164 00646 01971 03062  7.8 06 01 1 1 1 1 1 2 1 1 1 1 1 1 1 1 1 1 1 1 1 1 1 1 1 1 1 1 1 1 1 1 1 1 1 1 1 1 1 1 1 1 1 1 1 1 2 5 5 1 2 1 4 3 5 1 5 5 2 5 2 5 6 2 2 6 5 2 5 6 5 5 5 1 5 1 5 
C00601     C 04/16/1987 4 54 1 1 05/02/1932 3 5 3 1 2    70.5 10/19/1987 04/04/1988 234.5 227.0 227.5 086 087 079 134 130 124 40 39 44 1 1 185 186 032 032 109 093 4.0 4.2 073 113 03367 40.8 17.7 44.0 00563 00733 05203 04446  0.0 02 00 1 1 1 2 2 2 1 3 2 2 2 1 2 1 2 1 2 1 1 1 2 2 1 2 2 2 2 2 2 2 2 1 2 1 2 2 2 2 1 2 3 3 3 3 4 4 4 2 2 1 2 6 3 4 4 5 3 5 2 5 5 2 4 6 4 4 5 6 5 3 4 4 4 5 4 
C01718     C 08/12/1987 6 54 2 1 07/19/1932 2 3 8 1 2    65.5 02/18/1988 08/10/1988 192.3 181.5 176.0 087 088 083 145 139 153 39 34 37 1 1 213 190 039 034 099 089 4.3 4.2 026 049 02166 40.2 17.5 45.9 00236 01421 01454 03776  0.2 04 06 1 3 1 1 1 1 2 1 2 1 2 1 1 2 3 1 1 3 1 3 2 2 1 1 1 2 2 1 1 1 1 1 2 1 2 1 1 2 1 1 1 1 1 1 1 5 5 1 1 1 4 3 4 1 4 5 2 6 2 5 6 2 2 6 6 2 6 6 6 3 5 1 5 1 5 
D00272     D 04/16/1987 1 56 2 1 09/29/1930 8 5 7 2      63.0 10/22/1987 05/02/1988 146.3 147.0 148.5 089 072 080 143 119 141 34 36 33 1 1 193 218 047 043 090 103 4.8 4.5 018     01342 29.2 19.3 54.0 00118 00718 01626 02607  0.0 02 04 1 1 1 1 1 2 1 1 1 1 1 1 2 1 1 1 2 2 2 2 1 1 1 1 1 1 1 1 1 1 1 1 2 1 2 1 1 1 1 1 2 1 1 2 2 3 5 2 2 1 4 4 5 2 5 5 2 5 2 5 5 2 2 6 5 2 6 5 5 5 5 1 5 2 5 
D01909     D 02/02/1988 2 65 1 1 02/08/1922 7 5 6 1 2    67.5 08/16/1988 02/08/1989 177.8 175.5 174.0 089 077 080 139 129 129 27 31 27 1 1 214 220 042 041 101 101 4.3 4.8 080 064 02454 32.2 11.6 52.2 00422 00966 03693 02985  5.3 06 06 1 1 1 2 1 1 1 1 1 1 1 1 1 1 2 1 2 1 1 1 1 1 1 3 1 1 1 1 1 1 1 1 1 1 1 1 1 1 1 1 1 1 1 3 1 2 5 3 2 1 3 3 5 1 5 6 1 6 2 5 6 2 2 6 6 2 6 6 6 5 5 2 5 2 3 
C00049     C 11/04/1986 2 60 2 1 04/26/1926 1 5 4 2      62.5 05/19/1987 11/30/1987 162.3 131.0 134.0 094 088 085 161 148 140 45 42 40 1 1 261 281 055 070 083 088 4.3 3.9 029 066 01646 30.5 13.0 54.0 00287 00794 02648 02117  3.2 01 01 2 1 1 1 1 1 1 2 1 1 1 1 2 1 2 1 1 2 1 2 1 1 1 1 1 1 1 1 1 1 1 1 4 1 1 1 1 2 1 1 1 1 1 1 1 5 2 1 1 1 2 6 4 3 5 3 1 4 4 3 3 4 1 3 3 4 4 5 4 5 5 2 5 1 5 
C00843     C 05/27/1987 1 45 1 1 10/04/1941 4 5 5 1 1 20 69.5 12/29/1987 06/08/1988 226.8 225.5 225.0 086 086 087 152 144 135 33 28 32 1 1 191 207 031 029 109 109 3.9 4.3 017 039 02172 30.4 19.1 35.8 00204 00932 03360 02100 16.3 06 10 1 1 1 2 2 1 1 1 1 1 1 1 1 1 1 1 1 1 1 1 1 1 1 2 1 1 1 1 1 1 1 1 1 1 1 1 1 1 1 1 2 1 1 3 1 5 5 1 2 1 3 3 4 1 5 6 2 6 2 5 6 2 3 6 6 2 1 6 5 4 5 1 5 2 5 
C04595     C 03/29/1988 1 45 1 1 04/19/1942 8 5 8 1 2    69.0 10/07/1988 07/13/1989 233.8 222.0 238.5 090 091 093 138 130 131 48 28 30 1 1 167 168 028 033 101 107 3.6 4.4 109     03300 46.0 15.4 40.7 00634 01499 06090 05088  0.0 02 06 2 2 1 1 1 1 1 2 2 2 2 1 2 1 1 2 1 2 2 2 1 2 1 1 1 2 1 1 1 1 1 1 2 1 1 1 1 1 1 1 2 1 1 3 2 3 4 2 2 1 3 3 4 3 4 4 2 4 2 5 5 3 5 5 5 4 4 6 6 4 5 2 5 2 4 
D02027     D 12/22/1987 6 46 1 1 10/03/1941 5 5 9 1 2    70.0 06/22/1988 12/19/1988 181.0 181.5 194.0 093 085 095 118 123 126 34 36 39 6 1 216 213 039 036 104 123 4.2 4.4 023 022 02089 54.8 20.4 24.7 01129 01071 03429 01702  0.0 00 00 1 1 1 1 1 1 1 1 1 1 1 1 1 1 1 1 1 1 1 1 1 1 1 1 1 1 1 1 1 1 1 1 1 1 1 1 1 1 1 1 4 1 3 3 2 3 3 2 4 1 5 5 2 3 4 4 5 3 5 3 3 5 5 4 3 5 5 4 3 3 2 2 4 2 4 
D00674     D 08/13/1987 3 57 2 1 08/01/1929 3 5 4 2      60.0 03/17/1988 08/30/1988 137.8 137.0 133.0 089 085 080 125 117 113 32 34 34 1 1 195 240 041 047 081 085 4.3 4.5 054 057 01839 38.1 17.0 44.9 00286 01014 02633 03338  0.0 04 01 1 1 2 1 1 1 1 1 1 1 1 1 1 1 1 1 1 1 1 1 1 1 1 1 1 1 1 1 1 1 1 1 1 1 1 1 1 1 1 1 1 1 1 1 1 5 5 1 1 1 2 2 5 2 5 6 1 6 2 5 5 2 2 6 6 2 6 6 6 5 5 1 5 1 5 
A00869     A 09/22/1987 2 47 1 1 07/20/1940 8 5 9 2      75.0 05/12/1988 09/20/1988 260.0 249.0 241.0 093 087 082 129 123 110 39 38 38 1 1 276 248 042 040 099 106 4.1 4.4 051 048 02689 49.5 16.9 35.0 00235 00687 03796 02195  0.0 00 00 1 1 1 1 1 1 1 1 1 1 1 1 1 1 1 1 2 1 1 1 1 1 1 1 1 1 1 1 3 1 1 1 1 1 1 1 1 1 1 1 1 1 1 2 1 5 5 1 1 1 3 3 5 2 5 5 2 6 2 6 6 1 2 6 6 2 6 6 6 5 5 1 5 1 5 
B00867     B 06/26/1987 5 55 2 2 05/25/1931 6 5 9 2      65.0 12/29/1987 06/21/1988 160.0 151.0 150.0 086 064 081 129 103 114 31 32 28 1 1 203 222 066 075 100 092 4.4 4.0 049 030 02123 23.7 19.0 59.7 00278 01041 03371 03825  0.0 00 00 1 1 1 1 1 2 2 2 1 1 1 1 1 1 1 2 1 1 1 1 1 1 1 1 1 1 2 2 1 1 1 1 1 1 1 1 1 1 1 1 2 1 1 1 1 5 5 1 1 1 6 6 5 1 6 6 1 6 2 6 6 2 2 6 6 2 6 6 6 6 5 1 5 1 5 
A00312     A 04/08/1987 3 50 1 1 02/04/1937 3 5 4 2      66.0 10/08/1987 04/11/1988 140.5 134.0 131.0 088 071 069 144 129 113 35 40 35 1 1 235 252 049 055 105 096 4.2 3.8 042 073 02488 42.8 12.7 45.9 00497 01297 03950 02816  0.0 00 00 1 1 1 1 1 1 1 2 1 1 2 1 2 1 2 1 1 1 1 1 1 1 1 1 1 2 1 2 1 1 1 1 2 1 1 1 1 1 1 1 2 1 1 2 2 4 5 2 2 1 5 5 3 2 4 4 2 6 1 5 6 2 2 5 6 2 6 6 5 4 4 2 5 2 4 
B01932     B 11/06/1987 6 62 2 2 11/27/1924 5 5 5 1 1 03 62.0 05/10/1988 11/17/1988 133.0 128.0 130.5 090 089 076 140 141 127 42 45 41 1 1 194 211 043 050 097 083 4.6 4.2 047 038 01401 35.9 12.5 52.6 00281 00455 01542 01692  0.0 00 00 1 1 1 1 1 1 1 1 1 1 1 1 2 1 1 1 1 1 1 1 1 1 1 1 1 2 1 1 1 1 1 1 1 2 1 1 1 1 1 1 1 1 1 1 1 5 5 1 1 1 2 2 4 1 6 6 1 6 1 6 6 2 1 6 6 1 6 6 6 5 5 1 5 1 5 
A00400     A 05/07/1987 5 53 1 1 03/12/1934 8 5 8 1 1 40 71.5 01/23/1988 07/23/1988 198.5             091         155         41           227     035     112     4.3     017     01885 45.7 12.6 32.9 00361 00630 02740 01789  9.4 10    1 1 1 1 1 1 1 1 1 1 1 1 1 1 1 1 1 1 1 1                                                                                                               
C03429     C 01/12/1988 4 54 1 1 05/15/1933 7 5 8 2      70.0 07/18/1988 01/17/1989 218.0 209.5 210.0 086 081 084 140 145 145 28 27 31 1 1 219 226 048 064 086 093 4.1 4.4 024 041 02166 32.4 15.4 32.5 00390 00535 03148 02272 21.0 21 21 1 1 1 2 2 1 2 1 1 1 1 1 1 1 1 1 1 2 1 1 1 1 1 2 2 1 2 1 1 1 1 1 3 1 1 1 1 2 1 1 2 1 2 2 2 3 4 3 2 2 4 4 4 2 5 5 2 5 2 4 6 2 4 5 6 4 4 6 5 5 5 2 4 2 4 
B02059     B 11/25/1987 3 50 1 1 11/28/1936 8 5 7 1 2    71.0 05/11/1988 11/28/1988 269.0 255.0 266.0 091 079 081 128 120 116 36 30 42 1 1 195 205 032 039 155 167 4.0 3.7 120 051 02595 40.7 13.3 46.6 00773 00923 04802 02174  0.0 01 02 1 1 1 1 2 1 1 2 1 1 1 1 1 1 1 1 1 1 1 1 1 2 1 1 1 1 1 1 1 1 1 1 3 1 3 1 1 1 1 1 1 1 1 4 2 4 5 1 4 1 5 6 3 2 6 5 2 5 2 5 6 2 3 6 6 2 6 6 6 6 5 1 5 2 5 
C04637     C 02/04/1988 6 50 1 2 06/04/1937 5 5 5 1 1 05 67.0 08/02/1988 01/17/1989 167.3 166.0 171.5 095 078 084 137 132 138 38 33 36 1 1 207 185 041 041 092 099 4.5 4.6 068 049 03261 42.9 12.5 45.5 00596 00807 06043 03307  0.0 06 10 1 2 2 2 1 2 1 2 2 2 1 2 2 1 2 3 1 2 1 2 2 1 1 2 2 1 1 2 2 2 1 1 2 1 1 2 1 2 2 2 3 2 2 3 2 3 3 1 2 2 6 5 3 4 3 4 3 4 3 3 4 4 3 5 5 3 4 4 4 3 4 1 5 1 5 
B00262     B 02/03/1987 4 55 1 2 07/23/1931 5 5 1 1 1 20 66.0 08/04/1987 02/04/1988 141.5 138.5 135.5 096 076 080 154 114 125 39 44 42 1 1 244 211 046 041 100 096 5.3 4.6 014 057 02076 56.4 16.8 27.1 00395 00734 02951 02507  0.0    00 1 1 1 1 1 1 1 1 1 1 1 1 2 1 2 1 1 1 1 1 1 1 1 1 1 1 1 2 1 1 1 1 1 1 1 1 1 1 2 2 2 1 1 1 3 4 5 1 1 1 6 6 3 3 1 5 2 5 2 6 6 3 3 6 5 2 6 6 5 5 5 1 5 1 5 
A01121     A 12/30/1987 5 48 2 2 06/30/1939 2 3 7 2      67.0 06/30/1988 01/04/1989 221.8 216.0 223.0 085 070 072 121 102 101 33 34 38 1 1 230 244 047 059 085 085 4.0 4.2 037 016 01136 37.6 16.6 46.5 00356 00509 02199 01111  0.0 01 01 1 3 1 1 1 2 1 1 1 1 1 1 2 1 1 1 2 1 1 1 1 1 1 1 1 1 1 1 1 1 1 1 2 1 1 1 1 1 1 1 2 4 2 2 2 4 4 2 2 2 5 5 3 3 5 5 3 5 3 5 5 3 3 5 5 3 5 5 5 5 4 2 4 2 4 
B01955     B 10/29/1987 2 49 2 2 10/27/1937 1 5 4 2      65.0 04/29/1988 11/17/1988 202.3 199.0 197.5 090 082 090 136 128 138 33 36 37 1 1 185 187 053 047 126 102 4.7 4.3     032 01506 35.8 14.1 51.2 00339 00424 03180 01511  0.0 00 00 1 2 1 1 1 3 1 2 1 1 1 1 4 3 1 2 1 1 1 1 1 1 1 1 1 2 1 1 1 1 1 1 1 2 1 1 1 1 1 1 3 2 2 3 3 3 4 3 2 2 5 5 3 4 4 4 4 5 3 5 6 2 3 6 6 2 5 6 6 4 4 2 4 2 3 
C02102     C 09/30/1987 5 58 1 1 06/08/1929 5 5 7 2      69.0 04/04/1988 09/21/1988 212.8 180.5 178.0 087 079 083 138 126 125 36 30 35 1 5 166 129 027 022 096 082 4.2 4.2 073 036 02224 26.3 15.5 60.3 00127 01454 03513 03852  0.0 00 00 2 2 1 1 1 1 1 1 2 1 1 1 2 2 1 2 2 1 1 1 1 1 1 1 1 1 1 2 1 1 1 1 2 1 1 1 1 1 1 2 2 1 1 2 2 4 5 2 2 1 5 4 5 2 6 6 2 6 2 6 5 2 2 6 5 2 6 6 6 5 5 1 5 1 5 
C03938     C 02/09/1988 4 56 1 1 03/08/1931 8 5 8 1 2    66.5 08/16/1988 02/06/1989 207.8 203.0 200.0 084 078 066 152 134 128 34 35 33 1 1 210 176 044 038 087 089 4.4 4.2 028 042 02019 21.6 21.9 58.2 00297 00898 03552 03537  0.0 08 02 1 1 1 1 1 1 1 1 1 1 1 1 1 2 1 1 1 1 1 1 1 1 1 1 1 1 1 3 3 1 1 1 1 1 3 1 2 2 1 1 3 2 1 2 2 4 5 1 2 1 6 6 5 2 6 6 2 5 2 5 5 2 2 6 6 2 6 6 5 5 5 1 1 1 5 
D00150     D 01/22/1987 1 68 2 1 08/16/1918 4 1 4 1 2    65.0 07/21/1987 01/13/1988 141.5 126.5 130.0 090 068 079 143 099 111 32 34 30 1 1 256 219 055 051 094 091 4.1 4.6 034 031 01504 23.6 17.5 55.4 00267 01018 01575 02968  5.0 03 03 1 1 1 1 1 1 2 1 1 1 2 1 2 1 1 1 1 1 1 1 1 1 1 1 1 2 2 1 1 1 1 1 1 1 1 1 1 1 1 2 2 1 1 2 1 4 5 5 5 1 4 4 5 3 6 5 1 6 2 6 6 2 4 6 6 3 5 6 6 5 5 1 5 1 5 
C00628     C 04/16/1987 5 46 1 1 10/12/1940 5 5 9 2      69.5 10/19/1987 04/18/1988 215.3 199.0 201.0 090 078 079 143 122 116 35 33 33 1 1 194 192 029 028 142 129 4.3 3.9 080 013 02704 39.6 15.2 45.8 00556 00966 05270 04014  0.0 02 01 2 2 1 1 1 1 1 2 1 4 1 1 1 1 2 1 3 2 2 3 2 2 1 1 1 1 1 1 1 1 1 1 1 1 4 1 2 2 2 2 2 1 2 4 2 5 5 5 2 3 6 6 3 2 5 5 2 5 3 4 5 3 3 5 5 3 5 6 5 3 5 1 5 2 5 
C03183     C 12/04/1987 3 52 1 1 02/01/1935 5 5 8 2      67.0 06/06/1988 11/29/1988 192.3 172.5 171.5 088 073 074 130 118 104 44 34 38 1 1 195 195 043 044 095 104 3.6 4.0 043 080 02300 32.3  8.7 56.8 00253 00559 05801 02769  3.6 02 01 1 1 1 1 1 1 1 2 1 1 3 3 1 1 1 1 1 1 1 1 1 1 1 1 1 1 1 2 1 1 1 1 1 1 1 1 1 1 1 1 2 1 1 2 2 5 5 1 1 1 5 6 5 2 5 6 1 6 2 5 6 2 2 6 6 2 5 6 6 5 5 1 5 1 5 
B00016     B 10/30/1986 5 48 1 2 04/17/1938 6 3 9 1 1 07 69.0 04/30/1987 11/05/1987 189.5 186.0 194.0 093 079 085 122 105 119 38 44 35 1 1 203 224 057 057 112 105 4.0 4.5 044 059 01113 56.7 21.1 19.9 00465 00483 02530 01286  3.3 09 06 1 1 1 1 1 1 1 1 1 1 1 1 2 1 1 2 1 1 1 1 1 1 1 1 1 2 1 1 1 1 1 1 1 1 1 1 1 1 1 1 3 3 1 3 2 3 4 2 4 3 2 3 4 4 3 4 4 4 4 4 4 4 4 4 4 4 4 4 4 4 4 2 4 2 4 
D01569     D 12/22/1987 2 48 1 1 11/17/1939 6 5 5 2      73.0 06/21/1988 12/05/1988 192.8 173.5 172.0 088 082 080 121 127 122 43 34 36 1 1 213 190 052 058 095 082 4.3 4.2 060 014 01805 37.6 14.7 45.7 00461 00333 02326 02822  2.1 04 04 1 1 1 1 1 1 1 2 1 1 1 1 1 1 1 1 1 1 1 1 1 1 1 1 1 1 1 1 1 1 1 1 1 1 1 1 1 1 1 1 2 1 1 1 2 3 5 1 1 1 5 4 3 2 6 6 2 6 2 6 6 2 2 6 6 2 6 6 6 6 5 1 5 2 3 
A00720     A 09/17/1987 6 49 1 1 02/13/1938 6 5 4 2      67.0 03/17/1988 09/06/1988 208.5 193.0 190.0 090 078 083 135 134 125 42 46 35 1 1 222 191 041 036 093 093 4.2 4.2 076 039 02116 36.8 12.8 51.4 00342 01271 02558 02422  0.0 00 00 1 1 3 1 1 1 1 1 1 1 1 1 1 1 1 1 1 1 1 1 1 1 1 1 1 1 1 1 1 1 1 1 1 1 1 1 3 1 1 1 3 2 2 3 2 5 4 1 2 2 4 4 3 2 4 5 3 5 2 5 5 2 4 4 4 4 5 6 5 4 4 1 4 4 5 
C03012     C 12/10/1987 5 62 1 1 10/06/1924 4 5 3 2      65.0 06/09/1988 12/13/1988 152.3 146.5 147.0 091 086 080 154 139 133 37 38 35 1 1 270 246 046 051 096 092 4.8 4.6 128 047 01911 24.0 19.5 58.7 00193 01517 03863 04377  0.0 01 00 3 3 1 2 1 1 3 2 1 1 1 1 4 1 1 1 1 1 1 1 1 1 1 1 1 1 1 2 2 2 1 1 2 1 2 1 1 1 1 1 3 1 2 2 2 3 4 2 2 1 5 5 5 2 5 5 2 5 2 4 5 2 2 5 5 2 5 5 5 5 5 2 4 2 4 
C00442     C 04/14/1987 2 59 1 1 02/04/1928 6 5 6 1 2    71.5 10/23/1987 04/28/1988 210.3 200.0 198.0 087 075 074 160 141 125 37 29 28 1 1 234 244 036 031 110 097 4.2 4.9 036 020 02595 35.4 18.5 32.5 00562 00567 02138 03751 14.7 15 06 1 1 1 2 1 1 1 2 1 2 1 1 2 1 1 1 1 2 2 2 1 1 1 2 2 1 1 2 1 2 1 1 1 1 1 1 1 1 1 1 2 1 1 2 2 3 4 1 2 1 4 4 5 2 5 5 2 5 2 5 6 2 2 5 6 3 5 6 6 5 5 1 5 1 5 
A00811     A 12/10/1987 1 49 2 1 03/07/1938 3 5 5 2      67.0 06/08/1988 12/07/1988 153.8 148.0 147.0 084 070 069 119 105 093 38 32 33 1 1 262 237 038 038 103 087 4.7 4.8 043 060 01700 27.3 12.9 64.7 00187 00685 02003 04203  0.0 01 01 1 1 1 1 1 2 1 1 1 1 1 1 1 1 1 1 1 1 1 1 1 1 1 1 1 1 1 1 1 1 1 1 2 1 1 1 1 1 1 1 2 1 1 2 1 1 5 1 2 1 5 4 5 2 6 5 2 6 2 5 6 2 2 6 6 2 5 6 6 5 5 1 5 2 3 
A01062     A 01/27/1988 4 54 1 1 10/03/1933 4 5 6 2      69.0 07/25/1988 01/23/1989 221.3 200.0 208.0 087 072 074 135 097 131 40 36 37 1 1 234 248 036 036 103 101 4.2 4.5 036 052 02315 29.3 15.2 57.4 00231 00932 05003 02895  0.0 00 00 1 1 1 1 1 2 1 1 1 1 1 1 2 1 2 1 1 1 1 1 1 1 1 1 1 2 1 2 1 1 1 1 1 1 1 1 1 1 1 1 2 1 1 2 2 2 4 2 2 1 3 3 5 2 5 6 1 6 2 6 6 2 2 6 6 2 5 6 6 5 5 2 5 2 5 
A01262     A 01/12/1988 3 56 1 2 02/04/1931 6 5 7 1 1 01 67.5 07/19/1988 01/10/1989 192.0 174.0 180.0 092 077 073 154 120 111 31 32 32 1 1 190 216 051 062 089 092 3.2 3.0 025 014 01558 40.3 18.1 38.8 00337 00625 01559 02185  4.5 00 01 1 1 1 1 1 1 3 1 1 1 1 1 1 1 1 1 1 1 1 1 1 1 1 1 1 1 1 1 1 1 1 1 1 1 1 1 1 1 1 1 2 1 1 1 2 3 5 1 2 1 6 6 3 2 6 1 1 6 2 6 6 1 1 6 6 1 5 6 6 6 5 1 5 1 5 
D00789     D 08/13/1987 4 49 2 1 04/07/1938 8 5 9 2      64.0 02/11/1988 08/17/1988 143.0 139.0 142.0 094 091 086 134 131 130 38 46 42 1 1 217 165 059 059 100 097 4.3 4.1 024 028 01210 27.9 17.4 56.4 00089 00724 02042 02396  0.0 03 03 1 1 2 1 1 1 1 1 1 1 1 1 1 1 1 1 1 1 1 1 1 1 1 1 1 2 1 1 1 1 1 1 2 1 1 1 1 1 1 1 2 1 1 1 2 5 5 1 2 1 3 2 4 2 5 5 2 4 4 5 4 2 3 6 4 4 5 5 5 4 5 1 5 2 5 
A00354     A 04/14/1987 3 65 2 1 03/19/1922 3 5 3 1 1 20 64.0 10/14/1987 04/12/1988 161.0 145.0 140.0 090 081 068 137 139 116 43 36 40 5 5 286 264 062 066 094     4.1     041 024 01428 31.7 18.2 51.5 00177 00326 01472 03177  0.0 06 06 1 1 1 1 1 4 1 1 1 2 1 1 4 1 4 1 1 1 1 4 1 1 2 1 1 1 1 1 1 1 1 1 1 1 1 1 1 1 1 1 1 1 1 2 2 3 5 2 2 1 4 4 4 2 5 6 1 5 2 5 6 2 2 6 6 2 5 6 6 4 5 2 5 2 3 
A00967     A 10/20/1987 6 57 2 1 11/22/1929 6 5 6 2      63.0 04/28/1988 10/26/1988 132.0 127.0 123.0 092 070 069 166 135 136 47 41 39 1 1 228 238 094 093 104 089 4.3 4.4 040 039 02090 32.9 12.5 48.1 00351 00933 03557 02074  6.7 02 04 1 1 3 1 1 3 1 2 1 1 1 1 3 2 3 1 1 1 1 1 2 2 1 1 1 4 1 2 1 1 2 1 4 1 2 2 1 1 2 2 2 2 2 3 2 3 4 2 2 2 4 4 4 4 4 3 3 4 2 4 4 4 5 3 4 4 3 4 5 3 5 2 4 2 4 
A00301     A 02/17/1987 6 45 1 1 06/24/1941 8 3 9 1 2    68.0 10/13/1987 04/28/1988 219.0 209.0       090 072     122 109     42 47    1   211     037     085     4.3     049     04038 46.6  9.9 44.3 00857 01063 05885 03262  0.0 00    1 1 1 1 1 1 1 1 1 1 2 2 2 1 1 1 1 2 1 1 1 2 1 1 1 1 1 1 1 1 1 1 2 1 1 1 1 2 1 1                                                                       
A00991     A 12/10/1987 2 54 1 1 12/29/1932 3 4 6 1 1 20 70.0 06/13/1988 12/07/1988 200.8 178.0 170.5 092 068 074 143 128 117 35 25 30 1 1 280 279 042 047 125 099 4.3 4.2 047 008 02609 36.9 12.3 52.1 00158 01302 04309 02940  0.0 02 02 1 1 1 1 1 1 1 1 1 1 1 1 1 1 1 1 1 1 1 1 1 1 1 1 1 1 1 1 1 1 1 1 1 1 1 1 1 1 1 1 3 1 1 2 2 3 5 2 2 1 3 3 4 3 5 5 2 6 2 5 5 2 2 6 5 2 5 6 5 5 5 2 5 2 4 
B01571     B 11/03/1987 4 50 1 1 04/25/1937 2 1 6 2      67.0 07/19/1988 01/19/1989 168.5             088         138         31           244     047     115     4.9     034     04376 37.6 13.0 43.1 00529 01636 05468 04710  7.6 15    1 1 1 1 1 2 1 2 1 1 1 1 1 1 1 1 2 1 1 1                                                                                                               
C04206     C 02/18/1988 6 47 2 1 02/15/1940 6 5 4 2      65.5 08/17/1988 02/08/1989 136.3 130.0 132.5 090 082 084 135 124 124 41 34 40 1 1 189 225 042 046 085 094 5.1 5.0 028 035 01286 36.3 12.0 53.4 00169 00218 02159 02510  0.0 00 00 1 1 1 1 2 3 1 2 1 1 1 1 1 2 2 1 1 1 1 1 1 2 1 2 1 2 1 2 1 1 1 1 2 2 1 1 1 1 1 2 2 2 2 2 2 3 4 2 2 2 5 5 4 2 5 5 2 5 2 5 5 3 3 6 6 3 5 6 6 5 4 2 4 2 4 
A00608     A 09/29/1987 2 47 1 1 03/14/1940 3 5 4 2      66.0 04/04/1988 12/12/1988 191.5 188.0       089 090     121 130     30 31    1   235     033     088     4.5     050     02687 48.1 12.5 39.9 00616 00822 05909 02581  0.0 00 00 2 1 1 1 1 2 1 1 1 1 1 1 3 1 3 1 1 1 1 1 1 2 1 1 1 1 1 4 1 2 1 1 1 1 1 1 1 1 1 1 3 1 1 3 2 5 5 1 2 1 6 6 3 3 5 4 1 5 2 3 5 2 3 4 5 3 3 6 5 3 5 1 5 2 5 
B00722     B 06/30/1987 6 50 1 1 02/17/1937 4 5 6 1 2    76.0 01/14/1988 06/30/1988 227.5 221.5 222.0 089 080 079 130 136 126 38 49 45 1 5 245 231 035 041 179 116 5.0 5.0 035 042 04347 45.9  7.7 47.6 01126 01609 05511 03081  0.0 00 00 1 3 1 1 1 1 1 1 1 1 1 1 2 2 2 2 1 1 2 2 1 1 1 1 1 1 1 1 1 1 1 1 1 1 1 1 1 1 1 1 3 1 1 2 2 3 4 2 3 1 4 4 3 3 4 5 2 5 3 5 5 2 4 4 5 2 5 6 5 4 4 3 4 2 4 
D00183     D 03/10/1987 4 68 1 1 01/05/1919 2 5 3 2      64.0 10/01/1987 03/02/1988 197.3 181.0 184.5 093 076 081 171 148 132 31 28 32 1 1 189 190 029 037 103 101 4.2 4.4 030 049 02453 27.7 16.6 46.7 00730 00671 02854 03182  9.7 04 06 2 2 1 1 1 1 1 1 1 1 1 1 2 1 1 1 1 1 1 1 1 1 1 1 1 1 1 1 1 1 1 1 1 1 1 1 1 1 1 1 4 1 1 2 2 2 4 3 4 1 3 4 3 3 4 5 3 5 3 5 5 3 4 5 5 3 5 5 5 4 3 2 4 3 3 
C04923     C 02/11/1988 1 63 1 1 12/02/1924 4 5 7 1 2    66.5 08/15/1988 01/30/1989 169.8 154.5 152.5 091 084 094 136 127 126 42 42 39 5 5 286 251 033 046 096 097 4.9 5.2 025 031 01421 30.1 26.8 45.5 00359 01093 01573 03479  0.0 00 01 1 1 1 1 1 1 1 1 1 1 1 1 1 1 1 1 1 1 1 1 1 1 1 1 1 1 1 1 1 1 1 1 1 1 1 1 1 1 1 1 1 1 1 1 1 1 5 1 1 1 4 4 5 4 6 6 1 6 2 6 6 1 2 6 6 2 6 6 6 6 5 1 5 2 4 
C00170     C 01/07/1987 3 46 1 1 11/25/1940 6 5 9 1 1 03 67.5 07/21/1987 01/05/1988 163.5 155.0 154.0 091 082 085 142 111 118 37 40 35 1 1 202 224 036 036 095 094 4.6 3.9 031 061 02045 45.0 14.7 40.5 00534 00883 03183 02027  0.0 02 01 1 1 1 1 1 1 1 1 1 1 1 1 1 1 1 1 1 1 1 1 1 1 1 1 1 1 1 1 1 1 1 1 1 1 1 1 1 1 1 1 2 1 1 2 2 4 5 2 2 1 3 3 3 2 5 6 1 6 2 5 6 2 2 6 6 2 6 6 6 5 5 1 5 2 4 
B00223     B 02/04/1987 6 52 1 2 03/10/1934 5 5 7 2      73.0 08/17/1987 04/19/1988 201.0 196.5       092 087     133 131     33 37    1   290 271 047 053 067 102 5.3 4.4 040     02126 36.7 20.6 39.6 00559 00552 03572 03239  4.2 06    1 1 1 1 1 1 1 1 1 1 1 1 1 1 1 1 1 1 1 1                                                                                                               
A00504     A 06/25/1987 4 58 1 1 11/29/1928 3 3 5 2      71.0 12/14/1987 06/27/1988 190.3 186.0 181.0 087 078 076 128 124 115 40 35 34 1 1 282 274 038 040 108 103 4.7 4.5 043 049 02176 34.3 29.6 26.3 00421 00584 01452 03322  9.1 10 10 1 1 1 1 1 1 1 1 1 1 1 1 2 1 1 1 1 1 1 1 1 1 2 1 1 2 1 1 1 1 1 1 2 1 1 1 1 1 1 1 2 1 1 4 2 2 5 1 5 1 2 3 3 2 4 5 1 5 2 5 5 2 3 5 5 2 6 6 5 5 5 1 5 1 5 
C04382     C 02/18/1988 6 69 1 1 01/06/1919 3 5 9 2      70.5 08/10/1988 02/08/1989 242.8 223.0 217.0 091 080 081 146 123 129 31 27 30 1 1 205 206 038 046 122 122 5.0 4.8 039 030 01727 30.1 12.6 40.1 00134 00652 02413 02786 18.5 15 10 1 1 1 1 1 2 1 2 1 1 1 1 2 1 1 1 1 1 1 1 1 1 1 1 1 1 1 2 1 2 2 1 1 1 1 1 1 2 1 1 1 1 1 2 2 3 5 3 1 1 6 6 5 2 5 5 1 5 2 5 6 2 2 6 5 2 5 6 6 5 5 3 5 1 3 
C04479     C 01/12/1988 3 48 1 1 02/23/1939 5 5 8 2      74.5 07/12/1988 01/09/1989 200.8 177.0 180.0 090 073 080 137 111 120 39 41 39 1 1 232 207 027 038 100 104 4.5 3.6 061 032 01444 37.7 16.3 48.1 00094 00939 03061 02054  0.0 00 00 1 1 1 1 1 2 1 2 1 1 1 1 1 1 1 1 1 1 1 1 1 1 1 1 1 1 1 1 1 1 1 1 1 1 1 1 1 1 1 1 2 1 1 2 2 4 5 3 4 1 4 3 5 2 5 6 2 6 2 6 6 2 2 6 6 2 5 6 6 5 5 2 5 2 3 
D01091     D 11/05/1987 6 60 1 1 01/23/1927 7 5 7 1 2    66.0 05/02/1988 10/24/1988 205.8 184.0 191.5 086 073 084 157 139 147 41 38 44 1 1 207 232 035 040 115 104 5.1 5.2 104 048 02309 30.9 18.2 41.9 00199 01628 04952 03786 10.4 06 02 1 1 1 1 1 1 1 1 1 1 1 1 2 1 1 1 2 1 1 1 1 3 1 1 1 1 1 1 1 1 1 2 3 1 3 1 1 1 1 1 2 2 2 3 2 3 4 2 3 3 5 5 3 3 4 4 3 5 3 4 5 3 4 5 5 3 4 5 5 4 4 2 4 3 4 
B02117     B 03/11/1988 6 56 1 1 08/12/1931 5 5 9 2      75.0 09/09/1988 03/14/1989 214.5 214.0 214.5 095 087 081 163 152 154 37 39 37 1 1 190 204 040 046 091 085 4.4 3.7     062 02367 17.5 13.3 71.5 00193 00680 02673 03488  0.0 02 02 1 1 1 1 1 1 1 1 1 1 1 1 1 1 1 1 1 2 1 1 1 1 1 2 1 2 1 2 1 1 1 1 1 1 1 1 2 2 2 2 3 1 1 2 3 3 4 3 4 1 5 4 3 3 4 3 3 4 3 4 4 3 3 4 4 4 4 5 4 4 3 3 3 3 3 
B00023     B 11/04/1986 2 45 1 1 06/25/1941 5 5 6 1 2    72.0 04/24/1987 01/20/1988 202.0 198.0       092 082     130 110     30 44    1   239 213 028 029 107 082 4.5 5.1 028 024 01949 40.1 14.2 39.6 00372 00679 02465 01776  7.9 06 04 1 1 1 1 1 1 1 1 1 1 1 1 1 1 1 1 1 1 1 1 1 1 1 1 1 1 1 1 1 1 1 1 1 1 1 1 1 1 1 1 3 1 1 3 2 3 4 2 2 1 3 3 3 4 4 4 3 5 2 5 5 3 3 5 5 2 5 6 6 4 5 2 4 2 5 
C01099     C 04/09/1987 6 55 1 1 05/13/1932 3 5 5 1 2    71.0 10/08/1987 04/11/1988 225.0 176.5 188.5 089 079 080 124 113 120 39 41 39 1 1 221 218 037 040 095 088 4.9 4.4 018 026 03934 41.8 12.1 48.9 00802 00832 06197 05617  0.0 01 01 1 1 1 1 1 1 1 1 1 1 1 1 1 1 1 1 1 2 1 1 1 1 1 1 1 1 2 2 1 1 1 1 1 1 1 1 1 1 1 1 1 1 1 1 1 5 5 1 1 1 6 2 5 1 5 5 1 6 1 5 6 2 1 5 6 2 5 5 5 5 5 1 5 1 5 
C02199     C 09/23/1987 1 59 1 1 11/27/1927 5 5 6 2      72.0 03/23/1988 09/14/1988 237.0 231.0 232.0 092 077 071 165 129 123 29 26 27 1 1 179 193 040 021 112 090 5.2 4.7 082 069 02100 33.3 17.5 48.2 00217 01189 03538 03111  2.1 09 06 1 1 1 1 1 2 1 1 1 1 1 1 1 1 1 1 1 1 1 1 1 1 1 1 1 1 1 2 1 1 1 1 3 1 1 1 1 1 1 1 2 2 1 2 2 3 5 3 2 2 3 4 4 2 5 5 2 6 2 5 5 2 2 6 6 2 5 6 5 5 5 1 5 2 3 
A00083     A 02/05/1987 2 59 2 1 11/29/1927   5 7 1 1 25 67.0 08/12/1987 02/08/1988 137.0 123.5 125.0 090 069 079 136 105 113 36 37 36 1 1 214 231 062 061 077 081 3.6 3.8 022 021 01767 26.0 18.6 53.3 00108 02139 02347 04226  4.7 03 06 1 1 1 1 1 1 1 2 1 2 1 1 1 1 1 1 2 1 1 1 1 1 1 1 1 1 1 1 1 1 1 1 2 1 1 1 1 1 1 1 2 1 1 2 2 4 5 1 1 1 3 4 3 1 5 5 1 5 2 5 5 2 2 6 5 2 5 6 5 5 5 1 5 2 5 
C00857     C 04/30/1987 3 58 1 1 04/08/1929 5 5 9 1 2    69.5 11/05/1987 05/02/1988 192.3 184.0 178.0 093 087 090 136 130 135 37 35 37 1 1 227 215 037 036 088 091 4.5 3.6 095 050 02661 44.6 18.6 37.7 00622 02085 05814 04326  0.0 02 04 1 2 1 1 1 2 1 1 1 2 1 1 2 1 1 1 1 1 1 1 1 3 1 1 1 1 1 2 1 1 1 1 1 1 1 1 1 1 1 1 1 1 1 2 1 5 5 1 1 1 5 6 3 4 5 5 2 6 2 5 5 2 3 5 6 3 5 6 5 4 5 1 5 1 5 
D00117     D 03/31/1987 6 67 2 1 07/09/1919 2 5 5 2      63.0 09/29/1987 03/30/1988 140.0 135.5 131.0 088 078 072 155 140 129 33 32 32 1 7 175 177 024 037 099 093 4.2 4.2 057 026 01364 18.3 18.1 66.9 00104 00524 03111 04351  0.0 01 01 1 1 1 1 1 2 1 1 1 1 1 1 1 1 1 1 1 1 1 1 1 2 1 1 1 1 1 1 1 1 1 1 1 1 1 1 1 2 1 1 1 1 1 1 1 4 5 1 1 1 2 3 3 2 5 5 1 6 2 5 5 2 2 6 6 2 6 6 6 5 5 1 5 1 5 
B03077     B 03/02/1988 2 46 2 1 11/16/1941 2 5 4 2      61.0 09/09/1988 03/06/1989 192.5 186.0 184.0 092 072 078 143 116 121 38 35 41 1 1 197 185 028 038 097 092 4.0 3.6     039 01681 30.0 15.4 55.0 00169 01025 02638 03051  0.0 00 00 1 2 2 1 1 2 2 1 1 1 1 1 1 2 1 1 2 2 1 1 4 4 1 1 1 2 1 3 3 3 1 1 4 1 3 1 2 1 2 3 3 2 2 3 2 5 5 1 2 3 4 4 4 3 3 3 4 5 3 5 5 5 5 5 5 3 3 4 5 2 4 2 5 2 5 
B01191     B 09/29/1987 5 59 1 1 08/08/1928 8 5 7 2      70.0 03/25/1988 10/13/1988 171.5 155.0 156.0 088 067 078 145 130 148 35 36 26 1 1 233 227 037 046 158 107 4.4 4.5 029 034 02216 42.6 16.8 32.2 00888 01505 02193 04192 10.0 10 10 1 1 1 1 1 1 2 1 1 1 1 1 1 1 1 1 1 1 1 1 1 1 1 1 1 2 1 1 1 1 1 1 1 1 1 1 1 1 1 1 2 1 1 2 2 3 5 2 2 1 6 4 4 3 5 6 2 6 2 6 6 3 3 5 6 3 5 6 6 5 5 2 5 2 3 
C03650     C 01/14/1988 6 55 1 1 05/08/1932 4 5 4 1 2    70.5 07/19/1988 01/16/1989 179.0 157.0 157.0 089 073 068 125 103 105 31 32 36 1 1 265 210 040 053 090 104 4.4 4.8 040 021 02412 32.9 15.0 52.1 00267 01439 04093 03228  0.0 06 04 1 1 1 1 1 1 1 1 1 1 1 1 3 1 1 1 1 1 1 1 1 1 1 1 1 1 1 3 2 2 1 1 1 1 1 1 1 1 1 1 1 1 1 1 1 2 5 1 1 1 2 3 5 1 6 6 1 6 1 6 6 1 1 6 6 2 5 6 6 6 5 1 5 1 5 
C04514     C 02/26/1988 5 65 1 1 03/19/1922 3 5 5 1 2    70.5 08/29/1988 02/16/1989 177.8 161.0 168.0 090 073 086 128 127 138 42 40 37 1 5 255 220 056 051 096 094 4.3 3.8 064 016 02770 32.0 14.8 54.4 00458 00657 03971 04050  0.0 00 00 1 2 1 2 1 1 2 1 1 1 1 1 2 1 1 1 1 1 1 1 1 2 1 4 4 1 2 1 1 1 1 1 2 1 1 1 1 1 1 1 2 1 1 2 2 1 5 2 2 1 5 4 3 2 5 6 2 6 2 6 6 2 3 6 6 2 6 6 6 4 5 2 5 2 3 
B03074     B 02/16/1988 1 60 1 2 11/02/1927   5 1 2      67.0 08/17/1988 02/16/1989 164.0 155.5 153.0 097 074 074 155 122 115 39 24 37 1 1 221 206 071 048 097 070 4.7 4.8 070 037 01039 36.1 18.2 46.2 00459 00382 01437 01692  0.0 06 12 2 2 1 1 1 2 1 2 1 1 1 1 3 1 1 1 1 1 1 1 2 1 1 1 1 1 1 1 1 1 1 1 2 1 1 2 1 1 1 2 4 1 1 3 2 2 4 4 4 4 6 6 3 3 6 3 1 5 3 2 2 4 3 4 3 2 2 5 4 2 3 2 3 2 3 
B00005     B 11/04/1986 2 52 2 2 08/30/1934 2 5 4 2      64.0 05/15/1987 11/05/1987 200.0 195.5 191.0 093 073 083 136 121 126 34 35 39 1 1 306 289 044 041 093 106 4.4 4.4 039 047 01748 42.8 18.4 39.8 00241 00531 03344 03209  0.0 04 00 1 1 1 1 1 1 1 1 1 1 1 1 1 1 1 1 1 1 1 1 1 1 1 1 1 2 1 2 1 3 1 1 1 1 1 1 1 1 1 1 2 1 1 2 1 5 5 1 5 1 4 4 2 2 6 6 2 6 1 6 6 1 1 6 6 2 6 6 6 6 5 1 5 1 5 
B00050     B 11/21/1986 4 53 1 1 01/05/1934 5 5 4 1 2    72.0 05/15/1987 11/19/1987 176.5 174.0 165.5 090 077 075 147 121 115 44 38 36 1 1 266 241 046 047 087 092 4.6 4.7 028 023 02677 35.8 15.8 44.9 00501 00395 03800 02776  3.3 18 04 1 1 1 1 1 1 1 1 1 1 1 1 2 1 1 1 1 1 1 1 1 1 1 1 1 1 1 1 1 1 1 1 1 1 1 2 1 1 2 1 3 1 1 2 2 4 4 2 2 1 4 4 3 4 5 5 1 5 3 5 6 3 3 5 5 4 5 6 5 5 2 2 4 2 4 
C03312     C 10/23/1987 3 50 1 1 02/09/1937 5 1 7 2      65.0 04/11/1988 10/11/1988 215.0 191.5 191.0 091 085 085 144 145 130 48 37 36 1 1 229 247 038 033 132 118 4.2 3.7 147 035 02269 43.3 17.3 40.1 00219 01208 04596 02680  0.0 06 06 1 1 1 1 1 1 2 2 1 2 1 1 2 1 1 1 2 2 1 1 2 2 1 1 1 1 1 1 1 1 1 1 1 1 1 1 2 2 1 2 3 1 1 3 2 2 4 2 2 1 5 4 3 2 5 4 2 5 3 5 5 2 3 5 5 2 4 5 5 4 5 2 4 3 4 
C05262     C 02/26/1988 5 61 1 1 12/06/1926 3 5 5 1 2    67.5 08/25/1988 03/10/1989 209.0 202.5 208.0 094 095 099 151 153 158 36 34 36 3 3 262 250 029 033 139 135 4.4 4.3 117     02507 29.2 14.9 56.3 00279 01451 05581 03488  0.0 01    1 2 1 1 1 2 2 1 1 1 1 1 2 1 1 1 2 1 1 1 2 2 1 1 1 1 1 2 2 2 1 1 2 1 1 1 2 1 1 1                                                                       
B00896     B 08/19/1987 4 54 1 1 04/22/1933   5 6 1 2    69.0 02/18/1988 09/18/1988 167.8 167.5 165.0 089 095 089 146 145 149 34 33 35 1 1 262 217 073 075 102 095 5.2 4.1 017 014 02951 39.5 13.7 36.8 00332 01211 04987 02709  9.9 14 14 1 1 1 1 2 1 2 1 1 1 1 1 1 1 1 1 1 1 1 1 1 1 1 1 1 1 1 1 1 1 1 1 1 1 1 1 1 1 1 1 2 1 2 3 2 1 4 2 4 2 3 4 5 2 5 4 2 5 3 5 5 2 2 6 5 2 6 6 5 5 4 2 5 2 4 
D01534     D 11/24/1987 1 49 2 1 02/22/1938   1 9 2      65.0 05/31/1988 11/21/1988 201.0 188.0 182.0 093 069 072 141 119 124 39 31 33 1 1 233 225 047 051 099 085 4.9 4.1 047 009 02248 33.2 11.4 52.2 00378 00479 03080 01960  3.4 01 02 2 2 1 1 1 1 1 1 1 1 1 1 1 2 1 1 1 1 1 2 1 1 1 1 1 1 1 1 1 1 1 1 1 1 1 1 1 1 1 1 2 1 1 1 2 5 5 1 2 1 2 2 3 2 5 6 1 6 2 6 6 2 2 6 6 2 6 6 6 5 5 1 5 1 5 
D00682     D 07/21/1987 5 69 1 1 08/30/1918 3 5 6 2      68.0 01/21/1988 07/25/1988 170.0 167.5 164.0 090 083 084 135 126 133 40 42 34 1 1 193 192 033 041 119 102 4.3 4.7 065 055 03015 44.9 11.4 41.7 00648 00915 04359 02904  2.9 06 06 1 2 2 1 1 1 1 1 1 1 1 2 1 1 1 1 1 1 1 1 1 1 2 1 1 1 1 1 1 1 1 1 1 1 1 1 1 1 1 1 1 1 1 2 1 3 5 3 4 1 4 4 5 1 5 5 2 6 1 5 6 2 3 5 6 2 5 6 6 5 5 3 5 1 5 
C04793     C 01/14/1988 5 61 1 1 07/27/1926 3 5 5 2      72.0 07/14/1988 01/11/1989 234.5 216.0 220.5 091 073 070 133 105 112 29 31 31 1 5 243 240 032 040 090 104 4.0 4.2 066 036 02376 41.4 17.6 43.0 00332 01079 03287 03288  0.0 00 06 1 1 1 1 1 1 2 2 1 1 1 2 1 1 1 1 1 1 1 1 1 1 1 1 1 1 1 1 1 1 1 1 1 1 1 1 1 1 1 1 2 1 1 2 3 3 5 3 1 1 4 4 3 2 6 5 2 6 2 5 6 3 2 6 6 2 6 5 6 5 5 1 5 1 5 
C01022     C 06/10/1987 5 46 2 1 04/05/1941 4 5 8 1 2    65.0 11/30/1987 06/13/1988 158.0 128.5 125.0 087 073 066 135 106 094 35 37 33 1 1 221 176 055 056 101 096 4.3 4.5 031 020 01626 51.4 14.8 33.3 00532 00706 02491 01876  0.0 02 01 1 1 1 2 2 2 1 2 1 1 1 1 1 1 2 1 1 2 1 1 1 1 1 1 1 1 1 1 1 1 1 1 1 1 1 1 1 1 1 1 1 1 1 1 1 2 5 1 1 1 6 6 5 1 4 6 1 5 2 5 5 2 2 6 5 2 6 6 6 5 5 1 5 1 5 
B02863     B 01/14/1988 6 66 1 1 04/17/1921 3 5 4 2      71.5 07/12/1988 01/12/1989 167.5 148.5 150.0 095 080 085 141 126 142 36 40 33 1 1 182 178 046 050 112 106 5.2 4.3 166 090 02531 31.4 15.6 55.6 00236 01803 03587 03599  0.0 04 01 1 1 1 1 1 1 1 1 1 1 1 1 1 1 1 1 1 1 1 1 1 1 1 1 1 1 1 1 1 1 1 1 1 1 1 1 1 1 1 1 3 1 1 2 2 4 5 2 2 1 3 3 5 3 5 5 2 5 2 5 5 2 2 5 5 2 5 5 5 5 5 1 5 1 5 
A00762     A 12/08/1987 4 48 2 1 09/01/1939 5 5 9 2      65.0 06/09/1988 11/29/1988 165.8 164.0 160.5 088 076 075 131 115 119 39 45 40 5 5 248 242 047 048 092 088 4.3 4.3 075 030 02461 45.0 16.2 39.3 00447 00842 04486 02782  0.0 00 00 1 1 1 1 1 1 1 2 1 2 2 1 1 1 1 1 1 1 1 2 1 1 1 1 1 1 1 1 1 1 1 1 1 1 1 1 1 1 1 1 2 1 1 1 2 4 5 2 2 1 5 5 3 2 5 5 2 5 2 5 5 2 2 5 5 2 5 6 5 5 5 2 5 2 5 
B01598     B 10/28/1987 1 57 1 2 07/20/1930   1 1 1 2    65.0 04/26/1988 10/20/1988 168.5 161.5 160.5 090 070 068 127 118 130 34 36 33 1 1 177 168 029 028 143 152 6.3 4.5 047 040 01545 43.3 22.5 33.8 00570 00392 02705 02156  0.0 04 00 1 1 1 1 1 1 1 2 1 1 2 2 2 1 1 1 2 1 1 1 1 1 1 1 1 1 1 1 1 1 1 1 2 1 1 1 1 1 1 1 4 1 1 4 2 3 5 3 4 2 3 3 2 2 4 4 2 5 2 4 5 2 2 6 5 2 5 6 5 5 4 3 5 1 3 
C02358     C 10/02/1987 1 51 1 1 03/11/1936   5 7 1 2    70.0 04/06/1988 10/03/1988 245.5 240.0 239.0 096 091 088 162 145 128 35 26 29 1 1 223 213 041 040 081 099 4.1 4.4 074 098 02488 27.7 17.4 56.2 00201 01182 04562 03939  0.0 01 01 1 1 1 1 1 1 1 1 1 1 1 1 2 1 1 1 1 1 1 1 1 1 1 1 1 1 1 1 1 1 1 1 2 1 1 1 1 1 2 2 2 1 1 2 2 4 5 1 2 1 5 5 3 2 5 5 2 5 2 5 5 2 3 5 4 2 5 6 5 5 5 2 5 1 4 
D00581     D 06/18/1987 2 45 1 1 05/06/1942 4 1 4 2      69.0 12/17/1987 06/27/1988 223.8 183.0 188.0 092 088 100 118 109 141 35    34 6 6 229 205 032 033 108 100 4.0 4.2 053 046 02379 36.6 14.3 48.9 00245 00914 03436 03651  1.9 02 02 1 1 1 1 1 1 1 1 1 1 3 1 2 1 1 1 1 1 1 1 1 1 1 1 1 1 1 1 1 1 1 1 1 1 1 1 1 1 1 1 2 1 1 2 2 3 5 3 2 1 2 2 3 2 5 6 2 5 3 5 6 3 3 6 5 3 4 6 5 5 5 2 4 2 3 
C03643     C 12/17/1987 2 55 1 1 04/12/1932 5 5 8 2      77.0 06/28/1988 12/28/1988 242.3 215.0 216.0 090 067 073 127 100 108 44 31 29 1 1 229 214 038 044 089 096 4.1 4.5 035 043 03140 38.3 13.3 50.4 00364 01205 03405 04813  0.0 02 01 1 1 1 2 2 1 1 2 1 2 1 1 1 1 1 1 1 1 1 1 1 2 1 2 1 2 3 2 1 1 1 1 1 1 1 1 1 1 1 1 2 1 1 2 2 4 4 1 2 1 3 3 4 1 5 6 2 6 2 5 6 2 2 6 6 2 6 6 6 5 4 1 5 2 5 
B00056     B 12/03/1986 6 50 2 2 11/17/1936 2 5 4 1 2    65.0 06/03/1987 12/02/1987 171.5 170.5 164.5 088 081 077 130 131 110 31 35 32 1 7 270 256 041 035 182 165 4.0 4.2 016 016 01034 28.5 17.0 57.7 00105 01265 01403 02029  0.0 00 00 1 1 1 1 1 1 1 1 1 1 1 2 1 1 1 1 1 1 1 1 3 3 1 1 1 1 1 1 1 1 2 4 1 1 1 1 1 1 1 1 3 2 3 3 2 3 2 1 4 2 6 6 3 4 3 2 4 5 2 3 5 3 4 5 6 2 5 5 5 3 2 1 4 1 5 
B01544     B 10/13/1987 1 46 1 2 08/02/1941 3 5 5 1 1 20 69.5 04/11/1988 10/10/1988 194.5 185.0 183.0 093 081 069 138 132 106 27 26 26 1 1 237 218 035 034 105 087 4.6 4.7 123 079 02426 33.9 13.3 48.5 00750 00449 03479 02913  5.1 02 04 1 1 1 1 1 1 1 1 1 1 1 1 1 1 2 1 1 1 1 1 1 1 1 1 1 1 1 1 1 1 1 1 1 1 1 1 1 1 1 1 2 1 1 1 1 5 5 1 1 1 4 4 4 2 5 6 1 6 2 6 6 2 2 6 6 2 6 5 5 5 5 1 5 1 5 
C00100     C 11/04/1986 3 47 1 1 09/24/1939 8 5 9 1 2    72.5 05/11/1987 12/07/1987 206.0 198.0 199.5 091 078 088 141 124 130 29 30 30 1 1 204 193 043 041 093 101 4.2 3.7 080 044 03951 26.8 16.1 60.0 00395 01383 07344 06199  0.0 01 01 1 1 1 1 1 3 1 1 1 1 1 1 1 1 1 1 1 1 1 1 1 1 1 1 1 1 1 1 1 1 1 1 1 1 1 1 1 1 1 1 1 3 1 1 1 1 5 1 1 1 4 4 5 3 4 5 2 6 2 5 6 3 2 6 6 3 5 6 6 4 5 1 5 1 5 
C01516     C 06/19/1987 6 49 1 1 07/24/1938 8 5 7 1 2    74.5 12/09/1987 06/13/1988 251.3 243.0 238.0 094 084 081 154 138 130 42 45 42 1 3 265 240 037 036 091 101 4.6 3.9 041 031 02085 32.6 21.6 46.1 00341 00816 02689 03566  0.0 04 02 2 1 1 1 1 1 1 1 1 1 2 1 2 1 1 1 1 2 1 1 1 1 1 1 1 1 1 1 1 1 1 1 2 1 1 1 1 1 1 1 3 1 1 2 2 5 5 1 2 1 3 3 5 3 6 5 1 6 2 5 6 3 2 6 6 3 6 6 6 5 5 1 5 2 5 
D00362     D 04/16/1987 2 54 1 1 02/05/1933 3 5 4 1 2    66.0 10/13/1987 04/04/1988 166.0 154.0 159.5 088 087 083 132 122 129 32 34 35 1 1 246 244 041 048 104 105 4.6 4.3 034 055 02762 36.4 17.5 47.6 00699 00582 05277 03649  0.0 12 09 1 3 2 2 1 3 3 2 2 1 1 1 2 1 1 2 1 1 1 2 1 1 1 1 1 2 2 2 1 1 1 1 2 1 1 2 1 1 1 1 3 1 2 3 2 3 4 2 4 2 5 4 3 4 5 4 2 4 4 4 4 4 5 5 4 5 5 5 4 4 2 2 4 4 4 
C05323     C 02/17/1988 2 51 1 1 01/14/1937 4 5 9 2      72.5 09/13/1988 02/21/1989 279.3 276.0 271.5 093 089 088 128 120 120 32 38 30 1 1 173 165 032 031 103 117 4.3 4.1 050 069 01584 39.6 16.3 47.0 00574 00699 03800 02978  0.0 00 00 1 1 1 1 1 1 1 1 1 1 1 1 1 1 2 1 1 1 1 1 1 1 1 1 1 1 1 1 1 1 1 2 1 1 1 1 1 1 1 1 2 1 1 2 2 4 4 2 2 1 5 4 4 3 6 5 1 5 2 5 6 2 2 5 4 2 5 6 5 6 5 2 4 2 5 
B02339     B 12/08/1987 5 55 2 2 05/02/1932 3 5 4 2      64.0 06/07/1988 12/12/1988 194.3 180.0 176.0 092 077 072 142 116 110 32 35 33 1 1 252 261 047 050 095 086 4.6 4.4 047 046 00947 37.3 28.0 34.5 00205 00414 01421 01447  0.0 00 00 1 1 1 1 1 1 1 1 1 1 1 2 1 1 2 1 1 1 1 1 1 1 1 1 1 1 1 1 1 1 1 1 1 1 1 1 1 1 1 1 3 1 1 4 3 3 4 3 2 1 5 5 3 5 5 5 3 6 4 5 5 3 4 6 6 3 5 5 6 5 5 3 3 3 3 
D01550     D 12/08/1987 3 48 1 1 03/12/1939 7 5 9 2      72.5 06/07/1988 12/13/1988 181.0 177.0 180.0 092 072 081 129 108 124 28 35 29 5 5 209 204 037 035 100 094 3.9 4.2 040 018 02697 39.0 15.0 42.2 00954 01238 03194 03358  4.9 06 06 1 1 1 1 1 1 1 1 1 1 1 1 2 1 1 1 1 1 1 1 1 1 1 2 1 1 1 1 1 1 2 1 2 1 1 1 1 1 1 1 1 2 1 2 2 3 5 1 2 1 4 4 4 2 5 6 2 6 3 6 6 2 3 6 6 4 5 6 6 4 4 1 5 2 3 
C04522     C 01/28/1988 4 48 2 1 01/30/1940 5 5 5 2      64.0 07/27/1988 01/23/1989 157.5 134.0 138.5 090 079 076 150 114 112 36 32 33 1 1 236 194 061 063 092 090 4.2 4.4 037 023 02149 42.2 15.5 44.1 00361 01413 03925 02875  0.0 01 01 1 1 1 2 1 2 1 2 1 2 1 1 2 1 2 1 1 2 2 2 1 1 1 1 2 1 1 2 2 1 1 1 1 1 1 1 1 2 1 1 1 1 1 1 1 5 5 1 1 1 3 3 4 2 5 5 2 5 2 5 5 2 2 6 6 2 5 5 5 5 5 5 5 1 5 
D00122     D 03/12/1987 1 61 1 2 05/07/1925 3 2 8 1 1 05 66.0 09/17/1987 03/02/1988 209.5 201.0 198.0 092 084 084 144 125 117 41 30 30 1 1 236 199 097 087 123 113 4.2 4.5 049 024 02826 29.5 13.7 50.8 00670 00637 04052 03254  6.3 28 10 1 2 1 1 2 1 2 2 2 2 1 2 3 1 2 1 1 2 1 1 1 1 1 2 1 1 1 1 1 1 1 1 2 1 1 1 1 1 1 1 2 1 1 2 2 1 5 3 5 1 3 4 5 3 5 5 2 6 2 5 6 2 2 6 6 2 5 5 5 5 4 2 5 5 5 
B00022     B 12/05/1986 3 53 1 1 01/06/1934 4 5 4 2      71.0 06/02/1987 12/15/1987 219.0 177.0 182.5 094 073 067 153 118 107 32 27 29 1 1 249 296 046 047 097 089 4.2 3.9 097 044 02942 42.7 14.3 45.2 00321 01492 04688 04648  0.0 06 02 1 1 1 1 1 1 1 1 1 1 2 1 3 1 1 1 2 1 1 1 2 1 1 1 1 1 1 1 1 1 1 2 3 1 1 1 1 1 1 1 3 1 1 2 2 4 4 3 4 1 6 2 5 2 5 5 2 6 2 5 6 4 3 5 6 5 5 6 6 4 2 3 4 3 4 
C04682     C 02/19/1988 4 58 1 1 09/20/1929 8 5 7 1 2    71.5 08/31/1988 02/21/1989 198.3 184.5 182.5 088 072 074 143 116 117 38 29 34 1 1 232 217 052 067 091 104 4.2 4.6 027 031 02389 34.7 14.6 38.6 00227 01265 04037 02560 12.7 28 14 2 2 1 2 1 1 1 2 1 2 1 1 2 1 1 2 1 1 1 1 1 1 1 2 2 1 1 2 1 2 1 1 2 1 1 2 1 1 1 1 1 2 2 3 1 3 5 1 2 2 4 3 3 2 5 5 2 6 2 5 6 5 2 2 6 2 5 6 5 5 5 1 5 1 5 
C03176     C 01/12/1988 1 55 2 1 09/25/1932 4 5 7 1 2    63.5 07/20/1988 01/16/1989 152.3 133.5 134.5 087 065 068 142 117 110 36 32 31 1 1 201 179 051 064 097 103 4.7 4.3 024 027 02080 37.3 13.3 49.3 00404 01741 02089 04466  3.4 05 03 1 1 1 1 1 3 2 1 1 1 1 1 3 1 1 1 1 2 1 1 1 1 1 1 1 2 2 1 1 1 1 1 1 1 1 1 1 1 1 1 2 1 1 3 2 3 4 2 2 1 4 4 3 2 5 4 2 6 2 5 6 2 2 6 6 2 6 6 6 5 4 2 4 2 3 
B00897     B 07/15/1987 2 46 1 1 03/11/1941 7 5   2      77.0 01/25/1988 07/19/1988 237.8 226.0 224.0 086 083 072 125 123 108 33 33 29 1 1 203 225 033 036 110 092 5.0 4.1 045 036 01661 29.4 12.9 52.9 00073 00396 02896 02321  5.4 04 04 2 1 1 1 1 1 1 1 1 1 1 1 1 1 1 1 1 1 1 1 1 1 1 1 1 1 1 1 1 1 1 1 1 1 1 1 1 1 1 1 1 1 1 1 1 3 5 1 2 1 4 4 5 2 6 5 1 6 2 5 6 2 2 6 6 2 5 6 6 5 5 1 5 1 5 
